100
8 283
185 342
223 350
228 294
294 389
171 300
126 267
81 312
300 340
239 313
147 277
109 391
167 327
313 366
79 332
203 336
144 415
50 379
85 366
245 351
179 328
195 355
245 268
152 412
152 339
64 262
218 283
36 365
23 372
19 293
124 298
13 392
128 366
156 401
63 271
188 378
17 344
21 419
75 315
95 319
92 256
29 349
130 398
236 401
13 297
38 264
5 411
18 304
104 395
159 283
23 282
41 274
193 389
50 418
72 293
69 382
195 407
47 290
195 375
246 357
98 387
23 410
112 284
99 311
192 363
194 389
227 371
99 403
68 404
201 387
36 267
202 354
150 329
13 415
221 405
98 253
28 406
199 366
87 263
231 274
25 251
45 378
157 393
162 405
248 358
227 378
223 396
223 328
93 314
216 394
104 345
345 368
29 319
61 263
263 363
79 262
49 321
193 314
244 337
95 343
