1000
583 860
69 960
174 709
531 900
53 942
174 913
650 956
521 741
262 900
405 727
183 702
441 933
636 904
510 942
195 758
15 995
430 719
698 913
446 802
171 768
635 829
149 867
276 846
509 896
679 945
2 905
689 773
372 799
77 738
176 797
602 790
246 776
493 843
158 850
29 897
158 865
264 928
596 810
332 991
627 809
657 774
341 931
512 966
368 809
638 911
686 874
453 874
396 876
271 824
165 723
678 781
269 775
261 705
7 719
445 856
646 981
285 764
33 992
339 948
554 904
334 863
622 792
34 702
141 766
364 785
486 819
579 999
204 860
139 801
506 728
123 893
695 755
560 924
658 768
119 736
172 766
179 933
66 972
206 818
289 862
228 824
332 714
47 779
177 794
361 792
285 740
227 906
204 951
167 835
489 904
455 870
368 793
157 999
92 957
512 886
26 861
376 939
487 784
52 801
134 893
432 922
356 812
220 719
399 838
96 848
657 703
590 942
588 825
656 975
407 723
334 890
596 965
257 899
409 898
163 769
535 955
109 874
554 934
333 707
183 859
304 749
491 965
384 796
245 813
139 710
197 706
600 833
73 728
376 908
545 850
569 735
291 786
210 934
155 721
642 872
441 738
339 764
84 851
428 895
543 753
345 759
227 835
687 740
607 810
60 910
12 803
58 974
219 873
520 988
15 917
561 960
439 844
191 883
334 784
575 824
442 889
465 944
8 937
5 819
11 986
467 848
166 706
281 747
139 781
377 897
392 831
194 808
572 988
19 703
298 980
596 855
35 938
22 959
625 864
15 970
679 940
253 804
446 809
640 902
530 949
182 753
332 994
303 939
464 794
428 760
496 751
336 844
36 999
294 966
437 997
81 772
670 700
533 896
472 919
610 739
98 865
661 987
416 802
251 999
135 830
212 785
270 838
256 735
125 780
57 931
118 947
263 863
25 911
539 809
628 977
283 778
305 962
73 969
669 712
18 814
153 945
625 987
500 708
79 792
602 838
508 822
519 950
575 833
499 856
678 770
158 878
444 958
255 814
457 733
601 710
353 833
162 730
380 975
76 726
297 930
111 968
453 881
501 706
255 855
359 899
213 805
466 718
518 872
222 943
103 888
597 743
492 760
392 722
647 859
200 747
623 786
633 982
343 746
466 976
48 861
289 984
89 744
420 985
508 936
331 917
304 978
411 816
443 783
112 900
167 955
46 991
692 984
395 969
259 999
295 715
542 831
236 732
259 789
274 896
453 946
516 811
624 914
675 703
129 877
418 960
64 981
478 706
209 764
231 828
682 718
50 908
264 832
543 939
303 906
653 862
349 990
450 881
256 882
145 731
135 904
279 902
394 759
257 801
196 857
200 803
175 824
595 898
568 789
10 983
50 803
697 856
225 739
392 827
152 832
473 761
339 810
418 947
176 715
491 979
315 845
22 950
646 968
145 925
559 974
660 986
430 790
617 912
691 719
372 762
155 989
661 811
693 932
47 718
119 739
339 872
144 830
625 838
610 912
620 789
187 915
293 879
569 845
614 792
337 940
160 841
436 977
589 967
258 958
250 755
517 831
498 873
655 965
71 978
457 946
557 723
604 828
481 775
612 786
406 988
460 903
108 800
94 992
280 737
298 759
523 975
50 993
370 769
25 862
270 795
168 735
68 982
279 745
7 828
414 863
631 882
227 891
384 952
650 833
556 892
638 965
178 873
365 760
239 944
614 712
266 724
49 747
68 918
394 853
103 940
37 797
556 892
267 910
191 820
536 970
404 932
365 954
354 821
680 771
642 743
475 865
236 809
655 986
291 780
34 993
534 823
645 715
402 857
437 982
638 940
451 805
311 885
578 795
23 703
614 971
12 937
527 787
90 878
229 855
541 907
297 725
26 832
239 911
421 914
509 920
631 760
216 847
129 940
356 808
646 884
698 840
569 958
287 867
441 900
17 700
176 871
258 829
24 971
558 883
496 894
329 720
205 905
484 975
8 816
131 897
47 736
467 826
332 739
552 845
90 954
232 767
58 937
347 904
386 852
294 732
501 857
401 834
528 978
293 703
161 789
292 957
47 845
482 816
445 998
57 781
553 768
56 937
490 764
180 804
634 732
516 762
528 956
484 998
638 996
329 713
321 967
489 866
148 809
195 932
24 926
327 754
370 879
280 830
521 772
177 999
250 882
454 881
151 873
300 967
667 882
242 763
290 719
407 858
324 867
119 800
383 796
14 866
643 802
40 801
81 846
642 918
512 882
436 833
444 987
301 886
559 808
632 839
47 977
348 850
476 975
396 881
262 922
633 935
158 997
155 976
673 961
518 937
451 956
456 729
605 767
161 783
71 758
484 738
488 827
609 981
162 862
99 706
675 835
92 734
302 837
414 849
415 789
100 756
306 745
58 954
558 815
285 910
203 993
314 787
519 827
127 977
227 707
644 913
647 867
484 790
257 936
156 885
359 830
342 926
93 861
513 828
522 758
301 967
260 916
455 988
584 888
511 716
630 995
434 773
2 979
445 781
261 757
482 920
341 749
133 752
373 798
697 775
81 820
570 878
133 847
19 943
571 987
652 795
365 792
142 757
257 990
625 973
516 973
102 790
415 765
343 759
48 794
437 919
398 718
14 750
220 879
616 857
548 794
20 834
373 876
181 778
127 881
272 852
186 834
691 970
625 999
554 724
624 964
658 823
684 763
304 712
697 819
27 974
66 975
288 869
11 935
518 816
14 994
69 820
417 735
177 737
612 993
230 778
43 773
404 952
327 731
279 980
114 819
439 706
173 990
144 724
540 903
125 890
390 935
576 905
35 885
305 840
118 794
225 740
19 955
557 910
219 791
244 754
365 776
324 868
6 826
520 910
127 858
317 886
507 971
257 817
508 934
315 892
464 931
658 777
213 765
227 901
71 738
426 889
323 861
386 777
202 835
93 925
396 755
21 726
423 863
442 855
210 880
470 784
283 706
319 982
603 928
134 801
396 964
272 926
107 730
450 826
217 725
410 951
572 731
468 839
487 898
244 902
234 831
663 703
441 942
637 731
360 854
43 786
456 890
39 794
273 712
552 901
351 937
103 825
429 897
577 753
303 760
212 795
10 706
452 876
668 891
357 988
561 826
6 839
426 995
487 739
526 714
393 998
306 706
48 702
175 809
213 868
505 730
73 826
141 769
418 700
59 838
163 801
620 708
400 877
548 923
467 893
384 892
40 883
6 792
192 828
604 872
229 819
358 879
368 871
458 796
695 839
605 721
153 805
579 873
533 788
584 778
33 946
535 710
468 822
136 887
591 729
190 864
444 748
84 743
119 893
449 976
462 865
444 751
341 893
98 876
79 896
438 893
671 768
45 877
340 853
241 708
522 922
671 912
345 793
667 850
478 809
154 939
543 814
455 721
663 937
239 713
353 760
156 927
368 989
698 916
623 982
671 771
33 811
145 717
404 903
477 893
500 856
196 896
691 761
378 861
392 869
324 793
248 978
624 769
603 987
449 792
556 753
481 946
452 816
672 929
22 890
161 723
479 755
198 836
365 987
133 726
229 901
227 802
450 984
116 901
676 927
628 947
401 980
379 707
268 912
634 739
362 741
507 789
158 717
334 757
630 872
404 701
100 704
329 775
463 747
500 838
621 828
210 739
85 714
441 749
142 729
320 719
43 978
275 865
522 805
587 806
163 900
697 961
544 831
164 785
156 739
373 849
355 732
190 836
523 970
225 933
650 745
488 818
182 823
652 821
570 898
677 904
97 927
622 982
83 791
322 722
459 871
527 836
640 861
560 980
162 841
129 977
272 765
316 863
126 905
20 725
581 801
250 986
383 808
45 864
685 777
659 953
457 921
542 830
647 928
392 729
531 851
72 831
277 941
224 958
172 788
473 899
93 734
8 896
15 741
218 936
50 872
69 787
413 839
136 751
281 965
76 951
107 963
36 739
419 748
372 856
320 771
93 901
111 773
579 794
330 920
594 757
136 875
672 815
26 742
569 856
215 956
440 892
411 911
224 871
599 980
107 816
197 828
522 979
127 946
233 913
239 778
689 811
694 741
364 869
173 854
485 988
270 972
27 978
497 793
207 962
526 783
568 910
417 929
127 911
404 932
543 900
373 755
202 747
146 775
154 729
583 799
32 823
337 807
607 708
480 750
507 737
17 758
691 927
525 951
247 803
426 801
137 980
295 854
446 904
327 905
314 752
615 772
233 797
229 735
385 799
28 922
358 822
131 857
541 957
429 742
234 754
332 939
174 955
590 820
666 854
236 711
119 805
689 970
236 743
414 821
97 974
608 821
528 963
677 888
110 947
362 750
277 861
297 855
267 975
77 766
363 862
303 993
90 868
116 962
613 953
73 849
288 905
522 995
573 879
612 910
408 910
149 862
48 779
453 772
498 932
654 774
541 887
220 702
519 734
6 818
136 745
289 854
580 772
491 859
150 703
284 869
353 880
676 900
59 760
190 908
67 760
432 928
249 749
331 979
118 770
287 978
321 705
121 730
483 936
92 770
531 909
74 863
541 864