200
247 331
99 296
178 408
213 363
46 373
146 250
106 341
189 387
43 345
56 399
234 274
175 266
121 276
214 356
38 390
149 371
12 310
195 316
214 271
105 375
189 269
56 385
60 316
5 253
58 299
76 269
215 419
196 403
115 390
137 384
51 320
191 253
221 404
214 336
231 270
121 366
243 269
99 319
198 307
204 316
160 342
248 357
94 400
217 274
7 352
86 321
28 308
4 401
140 308
36 399
134 356
157 299
72 324
236 381
127 344
209 349
16 411
123 368
151 313
158 302
166 376
237 306
121 338
11 261
15 414
222 384
235 345
62 291
115 354
178 391
17 279
76 407
145 286
246 311
234 418
76 296
208 389
236 394
113 386
180 410
143 403
27 301
230 388
99 313
30 254
189 300
42 340
29 269
2 358
71 409
135 331
99 263
45 377
69 392
229 380
184 302
100 355
67 375
38 331
140 362
143 354
69 363
228 409
149 296
149 354
104 381
117 257
89 360
109 382
183 364
110 326
109 308
5 406
55 368
204 397
226 376
151 365
139 369
13 404
35 320
80 394
137 330
229 264
80 262
167 334
186 293
233 350
150 273
188 410
14 261
96 332
100 316
174 268
222 411
21 406
71 324
211 406
48 367
247 332
207 388
165 305
23 293
65 319
16 364
191 405
24 334
114 262
74 255
228 268
15 286
14 361
98 318
144 326
119 348
139 261
63 379
189 381
133 399
189 301
173 348
71 317
38 318
10 387
229 418
224 416
108 349
158 294
123 254
22 408
70 262
217 273
86 281
8 408
53 267
108 405
108 359
188 340
7 418
160 267
188 334
36 354
223 363
7 310
74 317
12 407
19 399
176 283
174 293
29 332
29 320
199 306
189 298
206 345
219 416
171 259
55 362
142 289
112 267
47 291
199 340