300
178 305
153 360
286 357
30 306
163 374
221 339
15 323
70 305
181 380
224 328
246 338
24 348
198 356
4 301
234 403
208 410
258 311
179 418
86 395
10 406
165 399
245 395
275 405
216 327
284 310
109 305
227 414
200 342
295 389
122 370
21 327
176 332
102 399
103 357
107 343
275 361
172 395
29 327
137 311
277 398
8 349
171 312
260 308
19 332
86 389
179 398
222 416
136 394
148 383
184 417
110 313
33 323
136 346
52 382
255 416
178 381
111 353
53 397
13 315
252 380
126 301
8 378
201 300
117 333
32 352
6 303
255 417
155 307
81 412
82 400
204 362
50 357
254 418
186 302
90 349
143 358
171 347
217 342
269 317
71 380
37 331
265 407
99 367
284 346
66 417
141 391
175 348
217 334
148 336
16 310
266 409
269 331
13 313
183 409
245 306
106 384
170 350
64 312
222 347
201 335
200 321
88 321
126 309
20 391
148 411
77 419
63 351
249 410
87 373
43 379
227 307
277 344
239 371
176 411
2 357
246 331
79 388
59 326
93 407
206 417
70 363
240 317
257 368
225 316
21 361
157 374
141 344
233 365
96 377
128 311
102 301
53 357
241 418
36 383
118 393
241 403
90 329
246 358
179 394
218 401
59 412
170 335
217 401
131 335
217 400
223 389
34 363
29 334
56 363
235 388
59 387
69 342
124 347
68 379
131 310
161 400
222 302
257 377
166 326
43 357
288 367
89 397
282 391
219 317
181 336
193 332
77 325
154 361
180 370
192 367
158 356
188 314
292 359
201 338
54 311
218 327
9 368
144 358
167 410
285 347
120 359
227 359
127 383
276 333
294 391
74 407
75 373
61 350
99 303
266 338
9 380
245 367
48 306
119 376
258 322
66 368
29 378
261 343
205 337
109 401
248 416
18 390
37 311
29 413
128 406
52 338
192 301
188 370
224 317
259 389
21 345
219 307
127 359
155 329
63 308
133 342
221 399
198 378
250 316
241 359
33 348
248 354
232 306
49 355
142 369
98 370
132 325
112 341
83 312
235 416
115 374
144 396
104 410
116 411
107 394
178 315
96 337
245 345
137 332
31 328
29 319
295 378
153 312
208 309
237 379
174 314
220 368
142 346
173 355
86 330
233 411
115 409
78 357
249 344
239 321
201 321
171 309
199 402
284 336
286 380
55 418
102 367
293 331
15 345
152 369
6 391
106 317
218 418
108 336
89 310
33 418
292 359
31 388
272 397
194 399
28 410
282 404
105 400
40 373
183 304
114 412
8 337
184 402
281 350
32 322
72 404
295 376
210 346
17 412
2 361
216 356
222 334
220 353
154 413
79 368
66 360
203 347
81 321
40 329
1 340