400
224 312
258 407
7 410
263 339
195 374
150 331
94 372
36 383
253 346
182 310
172 351
125 310
142 328
9 374
178 392
275 415
11 366
69 403
127 393
258 380
114 343
101 416
194 391
52 307
250 371
286 301
43 403
21 374
263 333
50 408
208 345
132 396
164 325
33 327
76 388
177 398
219 316
172 359
61 335
109 410
291 410
232 329
294 349
110 404
135 403
215 359
241 347
131 360
44 309
128 323
8 305
166 305
88 340
211 377
11 388
201 309
62 327
272 352
80 327
72 374
287 368
62 333
247 405
131 347
291 408
281 408
190 417
64 405
57 409
89 309
200 406
18 411
275 313
31 308
213 399
189 326
206 406
36 393
297 337
246 406
202 316
102 333
155 419
281 339
253 369
220 347
34 373
118 332
290 394
1 372
98 382
121 348
121 379
245 364
287 317
279 415
94 387
82 331
120 409
17 410
68 373
132 316
242 305
159 321
212 320
73 353
211 380
106 326
53 384
221 309
277 410
23 305
132 347
99 376
188 345
258 346
209 309
208 391
168 345
36 329
233 380
101 394
251 377
46 342
194 324
15 388
146 367
134 401
273 365
16 326
265 357
160 308
19 376
240 365
227 302
267 356
132 374
254 407
25 373
171 379
251 329
23 394
179 302
63 361
60 320
249 365
67 331
58 367
179 360
270 372
11 360
156 322
63 389
54 392
88 391
54 358
68 349
276 349
218 341
122 376
32 406
46 315
73 307
277 403
268 387
58 334
198 359
153 316
56 379
199 350
233 360
140 366
198 305
219 392
246 413
41 319
267 317
78 362
283 335
241 352
47 402
198 355
53 410
102 369
236 350
192 392
59 336
283 315
161 413
160 384
55 310
100 373
60 390
142 418
242 373
207 327
273 325
109 313
193 379
147 306
298 399
89 367
239 407
26 382
172 409
84 335
164 360
272 370
71 361
10 385
199 383
149 359
50 387
65 314
180 304
100 373
32 350
267 362
37 317
59 326
298 301
257 316
41 395
207 350
156 382
7 417
245 355
31 401
107 406
37 333
268 330
38 364
284 331
132 329
62 409
168 315
144 328
48 311
177 302
144 378
28 317
169 393
19 418
57 348
94 308
269 323
270 409
61 391
225 325
29 332
161 349
141 317
37 323
297 393
3 314
287 341
126 365
206 314
171 355
159 384
109 302
92 347
140 356
190 357
55 373
224 308
297 415
6 365
117 310
8 377
271 343
247 407
102 327
86 395
288 344
224 365
71 356
2 357
235 405
198 334
85 372
125 400
279 416
116 402
87 393
275 319
62 309
194 321
56 411
95 380
88 311
114 332
41 358
205 385
174 418
83 322
204 415
276 416
44 311
167 316
74 396
94 380
102 396
280 338
213 345
181 357
16 353
280 372
211 419
247 352
264 300
147 378
89 305
17 357
257 310
158 388
5 342
217 343
32 331
60 418
39 393
276 375
74 326
280 374
279 357
5 409
86 307
71 365
163 409
171 349
209 395
66 361
279 336
192 360
242 332
235 330
29 418
284 401
47 350
211 408
104 322
195 309
243 375
122 419
101 334
44 395
241 351
153 380
213 314
144 304
23 397
21 369
195 373
106 339
210 328
169 332
264 403
30 314
242 343
238 396
264 369
117 356
203 322
55 403
156 300
171 414
50 303
99 399
91 387
208 366
13 406
256 322
268 312
221 394
53 404
34 417
4 386
262 330
86 348
288 312
257 390
57 306
160 329
235 324
297 337
161 377
275 302
203 336
73 416
232 309
61 303
34 409
226 361
22 380
13 381
158 402
243 407
166 332
84 405
185 345