500
183 333
335 311
370 359
239 301
56 344
313 343
396 332
14 386
123 322
128 309
303 381
230 370
26 313
164 301
34 321
320 338
92 369
41 310
200 314
233 365
96 321
77 327
364 308
162 381
394 391
212 341
235 371
128 388
385 364
109 366
49 308
64 379
143 321
302 309
133 331
295 394
177 372
267 343
188 340
6 386
104 341
75 340
286 338
67 301
235 397
285 332
247 307
13 310
349 303
244 335
340 355
39 375
54 322
341 310
231 312
332 373
310 300
267 335
43 303
255 392
308 374
46 360
339 398
25 375
289 361
251 380
92 316
397 308
108 366
84 301
217 300
68 358
308 371
76 345
53 342
362 350
371 357
5 309
66 316
86 331
298 348
105 361
148 366
311 310
154 306
138 390
299 331
259 370
281 324
176 354
228 382
323 377
286 379
307 331
392 314
44 345
15 320
314 361
235 311
176 368
366 340
282 376
262 319
352 349
245 365
379 338
109 373
330 352
140 379
228 307
318 369
144 362
363 369
121 352
374 341
250 386
349 309
355 319
183 330
193 345
48 371
156 338
197 313
44 335
252 363
38 344
70 335
224 372
375 354
25 339
86 333
122 345
336 353
389 344
171 316
149 388
291 322
237 322
357 391
313 395
238 305
65 378
169 396
387 309
239 308
190 384
379 351
178 335
124 384
218 366
95 319
188 385
351 334
220 348
352 347
126 379
75 355
173 310
235 350
334 389
236 368
179 350
298 379
265 363
135 350
131 365
122 366
140 389
356 358
294 310
371 309
323 379
233 327
20 331
181 351
157 334
215 399
14 322
247 321
359 374
359 366
83 382
182 332
97 395
4 352
51 323
367 388
282 368
85 337
124 361
218 337
212 314
119 380
45 382
394 300
34 362
346 321
358 383
98 354
279 347
148 374
202 336
190 354
40 393
161 379
134 353
52 334
186 345
119 386
154 309
268 357
189 398
142 307
107 367
389 348
106 329
278 353
330 387
381 357
158 314
286 307
30 346
216 354
26 381
348 396
19 340
362 392
122 366
22 348
134 391
10 354
321 374
375 385
209 315
50 338
136 304
121 387
248 316
76 395
342 364
241 395
311 373
132 353
192 391
90 308
379 341
200 363
68 325
119 341
208 349
65 388
263 378
213 381
362 327
91 344
145 341
253 303
168 374
390 308
355 348
145 354
178 332
104 321
216 302
348 359
361 315
123 321
161 364
147 358
4 376
85 304
299 305
143 376
251 363
255 312
298 386
349 356
259 373
91 358
36 338
268 345
365 332
221 335
376 302
265 353
198 318
41 300
206 359
159 306
223 391
201 343
365 331
166 352
348 398
29 327
252 344
375 312
244 384
381 316
124 377
208 312
304 374
240 344
324 323
116 356
338 370
331 327
368 393
343 319
235 377
343 364
394 340
68 372
86 312
389 302
341 316
110 341
143 319
61 332
311 321
57 392
250 308
380 381
245 356
137 300
171 302
29 392
248 395
166 376
171 355
196 317
235 328
336 357
393 329
373 315
353 394
385 348
205 341
113 304
330 382
354 381
332 360
104 325
398 352
392 314
49 345
310 307
336 364
16 376
203 340
216 398
364 325
139 364
115 398
385 354
156 345
174 344
33 367
152 357
225 367
296 304
124 311
206 302
108 388
367 350
112 349
249 370
124 379
47 314
85 339
221 369
313 332
66 346
241 303
318 373
300 377
55 343
336 308
319 388
74 372
314 370
54 315
234 341
70 358
397 377
16 314
270 379
324 340
196 343
126 305
245 309
133 393
208 327
286 352
50 335
352 373
71 330
31 322
360 375
370 316
386 300
272 373
14 394
109 344
161 331
250 308
3 389
21 371
326 388
168 355
24 364
129 386
343 356
101 355
313 354
260 385
228 368
84 391
290 318
379 396
54 342
174 308
89 320
392 315
78 330
106 358
230 322
48 355
208 385
124 388
74 348
164 336
236 369
204 341
109 337
114 396
192 307
317 361
365 367
342 338
154 356
22 396
291 339
348 333
35 349
285 360
184 347
240 356
21 359
252 386
366 389
150 353
328 399
233 352
326 347
25 399
15 343
164 366
254 329
70 319
152 355
300 368
19 357
240 344
86 365
176 354
262 304
256 322
43 390
201 397
158 358
388 367
143 303
180 391
65 397
110 389
56 345
347 342
176 310
312 373
100 353
252 333
88 392
196 336
340 392
163 366
208 324
115 357
59 352
44 323
359 399
297 300
2 365
134 369
89 320
335 365
360 353
23 340
31 354
129 338