600
386 321
256 391
394 340
5 333
287 373
308 350
334 390
236 350
114 311
232 370
396 388
312 354
119 378
186 308
141 319
26 327
12 358
234 370
389 383
259 395
119 397
371 386
86 386
107 342
61 343
320 313
249 364
31 315
142 324
60 381
3 381
137 323
254 319
251 380
227 370
244 364
311 349
202 359
355 388
126 356
181 350
133 316
397 391
69 352
342 392
29 320
226 337
23 329
71 365
144 317
243 320
395 330
314 397
225 321
227 339
364 312
116 399
377 373
236 354
104 377
393 303
123 387
219 310
394 305
322 370
30 345
221 350
29 364
285 322
210 356
228 304
43 314
88 366
312 314
70 329
288 381
145 356
251 320
297 341
308 331
189 314
171 325
324 328
266 314
297 340
72 312
333 339
53 346
96 300
271 366
52 311
321 346
288 357
71 313
93 333
234 332
358 381
177 383
27 317
182 384
200 378
139 369
95 355
305 344
187 393
203 357
311 329
383 327
366 318
179 300
146 343
54 382
368 366
68 380
380 333
395 390
292 337
218 344
377 357
123 389
186 372
334 310
162 358
199 368
366 392
392 308
178 354
260 338
332 369
9 340
288 321
5 396
383 321
131 379
28 340
104 379
363 378
106 319
222 307
236 389
55 375
270 333
157 307
95 376
278 399
48 356
228 381
315 386
328 345
108 387
398 321
130 363
105 322
301 339
163 336
113 398
174 398
182 303
296 330
76 385
279 372
241 314
256 368
55 388
295 365
260 377
163 343
25 306
170 389
120 394
31 396
322 316
51 306
248 378
388 378
136 399
320 343
261 372
279 331
155 382
364 374
313 327
102 339
94 350
37 306
105 304
385 331
109 345
384 314
330 382
73 396
285 340
167 309
323 316
310 341
297 397
129 312
136 343
176 365
187 325
157 374
12 357
168 374
255 306
64 343
305 339
32 319
81 378
163 341
391 368
215 327
374 307
161 386
277 300
193 336
367 373
366 301
276 306
162 385
297 368
278 393
63 373
394 308
92 363
297 384
41 379
365 309
360 341
278 381
232 337
337 356
246 388
277 334
146 301
200 343
380 313
7 367
168 309
73 310
34 362
339 357
322 333
316 398
305 340
78 388
174 392
377 387
308 345
214 330
216 327
223 389
328 307
131 309
135 329
220 334
100 358
372 317
306 345
3 327
73 394
269 372
157 304
191 382
322 332
16 316
26 300
289 351
177 332
120 372
157 358
103 380
32 349
254 300
5 369
1 319
8 309
142 340
113 341
165 384
2 357
98 365
60 337
299 348
45 354
152 384
41 381
37 367
180 382
294 345
107 348
68 326
131 308
98 337
251 371
271 327
336 307
256 320
16 316
268 392
124 315
315 308
134 380
177 308
46 385
175 300
251 366
343 386
277 394
314 319
133 330
324 335
1 320
201 366
136 319
56 352
158 349
217 389
269 309
133 306
269 306
31 387
222 367
276 329
361 353
88 345
125 350
253 325
143 315
352 395
280 357
168 352
233 363
304 339
23 315
20 390
244 337
303 367
82 396
230 375
111 356
220 352
210 363
362 301
392 361
377 374
314 373
289 375
115 385
6 313
313 345
333 375
371 354
283 347
171 331
144 369
395 319
233 379
118 302
10 326
61 308
123 307
256 313
85 326
50 323
261 375
80 317
84 338
334 350
240 333
45 313
74 347
36 374
354 379
120 361
386 320
265 389
279 344
262 384
396 304
95 369
60 362
132 374
259 310
27 399
89 377
69 386
51 300
62 373
195 307
370 337
12 329
210 388
251 338
373 362
183 330
253 363
298 350
231 328
96 316
351 322
57 372
355 323
354 344
381 344
77 396
236 359
169 387
372 334
23 352
110 387
377 316
341 393
190 358
149 359
4 368
300 328
148 350
99 362
309 357
320 303
101 382
293 385
397 386
115 373
24 388
201 363
295 397
123 331
324 311
69 307
241 337
2 335
284 382
100 313
154 364
345 378
147 344
333 309
347 375
71 335
327 322
324 330
30 365
369 366
272 340
189 348
117 384
332 349
31 317
375 374
237 392
203 382
10 302
27 389
178 329
158 398
125 339
170 324
318 305
70 396
51 386
51 390
244 396
251 320
327 306
158 387
353 315
254 305
325 349
121 315
30 377
374 388
247 395
107 349
281 325
23 342
384 329
275 341
157 314
393 350
36 314
285 351
14 373
270 360
314 321
45 310
288 343
395 347
373 389
115 305
216 388
307 373
186 324
299 337
296 306
274 358
187 340
15 302
300 391
370 304
306 389
304 329
121 302
111 369
363 362
321 361
398 351
148 367
5 331
368 387
149 362
288 371
1 329
342 339
284 321
86 343
144 338
222 326
269 327
150 325
122 357
201 315
21 394
180 394
41 387
209 389
250 397
241 343
67 397
152 328
77 370
224 303
116 324
63 388
126 341
295 339
397 395
303 332
114 352
189 364
140 368
225 317
180 381
285 369
93 399
199 368
167 371
77 387
156 374
103 399
127 397
139 315
254 371
394 313
227 353
35 343
193 325
302 301
164 347
254 361
231 336
320 355
94 379
342 314
113 360
365 343
153 371
152 341
134 354
252 317
23 314
326 374
135 379
72 379
273 378
190 315
148 343
234 385
41 375
206 358
146 327
224 372
333 390
84 385
124 351
64 307
335 347
18 353
85 366
106 381
27 319
351 307
351 369
335 387
302 362
257 302
326 359
258 367
108 346
298 367