700
183 568
158 579
5 544
420 621
401 531
88 562
113 699
170 690
157 505
398 548
18 598
309 694
248 551
470 520
243 518
190 530
112 663
90 624
305 656
197 674
132 645
235 537
188 514
49 599
179 587
79 503
130 608
194 629
357 525
298 574
428 513
335 619
257 613
396 554
356 656
356 638
30 576
241 560
283 659
163 662
467 599
113 586
120 527
244 558
406 615
165 664
268 578
34 672
425 682
398 609
284 519
289 591
471 523
54 550
159 574
295 668
494 574
96 560
105 586
253 538
90 574
41 676
258 529
113 634
155 565
369 598
94 639
292 599
366 592
268 523
52 523
27 619
161 512
377 574
477 640
318 568
423 522
252 524
275 637
310 664
406 567
233 552
267 630
462 566
47 621
339 592
375 617
44 530
491 549
63 510
311 594
39 529
357 587
376 583
74 696
264 530
275 561
370 631
366 557
2 610
471 587
470 660
325 594
336 657
47 692
4 575
255 544
415 675
67 560
347 654
86 680
115 681
280 617
112 660
32 676
114 629
35 538
120 695
271 604
498 505
406 551
410 673
239 602
159 576
254 643
48 504
23 622
7 539
468 583
45 622
278 659
207 694
250 554
99 594
164 592
424 553
187 572
246 637
168 568
373 680
254 634
115 525
470 538
186 611
20 605
5 629
5 697
291 558
67 691
370 643
329 613
16 561
28 636
323 657
427 593
275 641
224 606
140 670
199 563
404 542
135 601
484 554
83 672
480 620
58 500
253 565
275 685
170 634
494 663
13 624
479 518
475 597
154 630
67 689
352 691
17 694
348 692
231 500
463 614
492 552
324 678
18 669
484 606
196 619
487 676
233 583
367 567
397 564
60 652
192 625
153 696
177 538
23 503
40 563
280 644
248 642
397 617
385 565
419 529
201 644
33 533
61 616
9 588
160 596
86 686
67 683
400 507
446 522
243 623
261 568
437 665
68 555
436 517
37 588
121 526
96 614
79 528
321 658
99 645
87 535
402 614
392 665
476 508
90 543
30 687
300 633
125 671
79 634
129 513
496 602
205 525
495 512
310 694
197 678
16 689
208 660
215 522
328 562
38 635
470 536
425 557
15 641
303 572
111 599
87 543
53 600
269 638
219 666
36 631
21 603
12 657
154 500
249 634
281 566
219 575
60 654
8 507
412 533
118 602
197 515
55 613
38 501
489 528
86 580
91 578
179 689
118 678
457 558
163 544
414 662
135 505
428 623
472 639
359 679
288 575
471 661
402 636
442 522
417 548
20 575
44 609
13 656
245 525
357 682
240 578
146 561
375 553
352 685
254 698
72 646
14 531
375 525
331 692
209 669
283 538
347 578
87 634
413 649
280 665
194 536
394 570
141 503
412 535
112 592
407 627
417 594
468 528
150 540
68 565
233 584
396 522
101 630
341 534
330 675
290 681
110 625
269 590
423 625
193 619
186 670
320 612
23 676
411 540
337 617
166 542
163 530
444 612
112 650
159 525
60 670
219 676
251 532
431 607
269 590
243 557
162 697
405 635
458 643
75 569
90 612
310 512
398 604
192 503
19 566
116 695
354 531
88 675
270 586
80 564
304 654
167 692
27 656
305 617
458 639
367 693
256 662
113 603
198 693
83 516
158 554
319 500
123 649
495 654
117 561
339 607
312 674
446 585
271 580
90 686
3 505
82 553
291 678
312 511
466 581
336 619
174 567
203 699
420 680
225 677
447 507
464 582
426 529
344 516
190 644
258 634
425 672
84 668
253 516
476 636
68 549
354 572
214 636
31 589
260 569
130 592
25 624
38 642
36 627
396 653
380 632
36 693
417 604
418 552
302 680
104 514
14 500
114 583
224 537
291 602
307 627
145 502
405 582
167 539
378 608
321 548
343 544
477 630
318 526
310 531
202 683
215 648
72 570
71 516
458 591
304 642
280 558
283 664
259 671
293 665
350 569
312 608
481 557
267 582
224 653
361 622
419 516
464 615
362 623
159 554
172 629
116 645
348 563
336 686
452 587
81 548
298 605
144 626
4 558
214 557
82 633
451 561
225 684
333 663
360 516
289 634
322 595
3 554
39 633
173 632
357 504
26 515
122 605
66 682
416 548
59 531
192 643
239 668
92 633
29 504
92 568
253 644
471 546
364 514
326 624
438 614
448 544
348 535
274 583
307 544
435 501
465 584
10 681
360 687
96 557
187 690
236 628
418 528
85 544
336 541
343 688
62 503
404 538
301 544
263 686
377 628
78 676
334 699
340 549
130 545
18 560
472 676
227 502
432 581
128 504
275 651
472 602
343 652
305 663
462 550
47 519
61 573
159 638
85 630
346 671
438 523
436 657
81 687
349 696
419 621
371 647
69 500
54 605
266 638
335 542
141 593
137 684
319 573
304 533
369 631
240 534
358 557
342 576
429 683
243 674
81 678
292 543
33 679
371 634
90 586
182 671
69 552
2 508
396 506
437 616
267 695
88 554
39 567
22 589
71 696
102 562
99 545
67 567
211 614
372 615
450 611
36 698
11 644
456 551
14 669
190 623
88 685
111 539
205 561
366 545
81 558
68 682
231 662
372 512
474 503
451 542
267 616
189 576
456 621
477 630
364 581
389 666
464 667
179 698
163 698
72 506
64 508
43 618
215 556
394 512
324 547
61 599
33 584
339 608
129 539
288 592
229 548
474 538
263 575
419 526
196 627
236 579
54 652
376 544
267 677
419 649
289 513
298 600
317 692
386 571
471 622
464 645
161 624
182 607
76 546
114 687
65 580
261 681
412 532
74 502
278 591
237 547
423 611
124 587
173 564
35 655
363 597
441 693
489 690
53 551
421 524
190 670
109 645
151 542
132 597
393 691
123 651
41 541
212 583
43 664
228 616
286 662
407 698
202 633
129 642
429 532
349 653
37 658
245 694
312 601
28 526
446 608
247 601
323 679
267 607
219 693
90 680
55 640
434 523
183 592
66 664
362 653
137 613
290 563
370 686
456 579
344 609
297 508
381 665
187 553
429 600
267 604
440 539
148 643
6 545
176 523
466 692
400 595
286 555
342 594
458 535
497 539
459 532
262 543
31 522
331 636
69 581
154 549
147 570
85 545
209 604
25 609
178 549
297 516
33 632
239 518
360 639
153 521
473 688
13 625
277 510
363 575
81 573
302 510
147 629
380 658