800
408 676
345 673
9 645
132 628
99 557
48 681
42 586
331 535
438 563
240 594
445 661
423 663
258 697
59 606
260 606
112 657
360 635
108 692
5 592
189 510
361 645
336 527
108 586
336 570
291 513
68 613
389 698
485 686
166 621
390 537
12 629
444 503
10 699
324 681
280 688
386 597
52 559
26 504
26 626
296 533
274 644
81 517
33 575
189 583
233 519
246 682
439 679
280 521
332 506
252 518
198 684
428 594
469 539
375 523
194 504
133 535
137 554
271 537
133 565
96 570
382 639
366 657
487 587
247 686
250 682
14 659
111 502
338 692
160 609
412 505
398 654
484 513
267 557
394 618
137 501
484 686
177 645
162 655
387 619
191 631
121 697
96 537
458 693
251 508
203 504
29 577
219 538
6 531
98 516
170 511
482 653
451 692
317 649
206 572
65 606
273 643
47 505
55 552
379 641
319 586
421 650
281 508
322 686
461 636
396 510
185 505
102 687
108 675
150 579
341 679
31 677
370 603
366 577
208 551
394 530
112 589
82 678
493 674
71 528
42 573
78 533
93 631
310 569
476 580
256 547
372 657
390 558
474 550
463 697
142 550
120 641
113 605
384 677
355 522
411 658
342 605
390 528
208 530
122 565
402 606
62 545
372 625
440 610
96 677
460 601
205 679
459 556
121 683
78 645
420 677
87 635
281 525
229 687
18 514
234 538
341 546
32 581
78 576
266 561
154 536
418 537
316 600
12 620
351 591
443 567
409 602
326 618
189 644
327 586
268 534
41 584
365 615
171 647
190 646
46 636
93 502
442 505
454 521
361 682
135 592
213 539
8 570
254 633
413 635
158 513
77 686
23 631
264 686
129 616
478 642
44 657
462 544
377 553
171 691
486 516
19 503
448 546
265 524
380 535
118 625
235 540
22 572
351 607
341 591
488 510
479 644
219 649
39 549
7 577
474 629
256 635
363 699
460 514
401 617
12 516
279 535
16 692
149 565
393 640
217 649
381 667
92 646
121 533
203 502
254 657
247 632
327 680
147 581
395 557
497 544
38 560
490 541
193 535
270 516
101 586
126 605
374 605
179 541
88 564
60 570
488 521
431 604
150 562
63 573
441 569
204 570
245 692
265 674
105 590
164 647
218 637
419 562
177 662
473 636
49 693
325 618
416 546
239 520
65 616
21 554
330 528
430 671
209 662
126 695
328 625
172 654
280 617
265 545
238 588
272 641
26 642
433 533
483 690
343 565
200 620
441 629
30 625
62 694
394 687
14 683
280 593
203 610
15 582
44 537
48 585
39 540
327 594
332 556
478 563
87 562
378 677
469 693
251 667
437 528
358 687
483 511
120 588
329 659
334 685
352 547
336 500
397 526
357 533
287 591
231 555
376 512
113 659
458 666
345 648
173 636
346 511
11 642
444 564
95 520
150 612
108 639
78 565
46 534
108 538
77 693
407 540
85 519
303 566
281 558
205 671
43 523
197 573
80 629
195 648
200 554
257 684
38 500
282 628
41 638
359 595
296 679
420 636
449 630
343 502
23 503
460 592
287 564
39 555
495 584
451 687
418 624
345 686
384 579
103 585
307 683
388 583
59 620
20 653
175 565
19 667
86 525
288 547
18 680
90 503
80 674
234 611
386 675
94 601
112 675
333 580
137 527
357 647
189 549
294 606
329 685
1 629
289 673
199 656
403 695
457 563
361 523
5 563
106 618
370 644
293 653
8 573
85 530
221 665
230 618
278 599
49 694
56 684
166 619
348 655
286 640
446 677
394 549
164 503
44 678
236 665
421 560
399 676
471 564
26 614
141 538
44 616
34 631
338 600
67 626
331 528
269 691
45 591
344 557
454 607
35 551
341 543
205 573
126 545
88 572
205 638
492 645
302 689
349 649
96 537
256 615
84 507
423 561
133 680
292 614
163 699
477 572
129 526
364 691
341 556
283 602
388 546
378 564
407 570
329 635
464 560
16 529
181 609
86 570
84 552
235 670
309 619
336 517
130 589
41 604
43 566
178 583
291 544
200 679
454 587
468 590
172 595
239 537
239 696
154 550
160 679
185 605
359 623
342 507
466 646
284 525
67 645
356 579
23 537
80 597
477 556
34 650
335 572
41 598
317 650
397 699
114 669
370 556
119 615
490 566
452 640
69 624
392 683
168 629
180 534
53 615
54 637
151 526
65 545
247 561
213 565
448 596
390 658
137 515
133 515
443 526
492 611
78 597
37 614
28 614
352 670
469 620
97 511
15 506
157 644
202 633
265 619
405 559
24 518
43 665
386 596
327 594
380 536
211 563
359 592
217 653
220 648
201 661
263 536
484 584
105 556
64 680
153 506
233 677
337 617
362 615
210 504
36 682
400 653
188 563
161 551
482 643
254 638
28 506
451 689
89 557
485 672
406 587
494 636
259 549
248 659
189 596
467 577
326 647
430 667
339 533
478 509
237 551
114 575
248 514
1 595
17 572
174 546
420 668
453 632
380 647
263 509
227 697
170 661
224 649
37 650
412 528
197 697
159 586
251 691
178 669
87 660
125 507
30 601
313 691
131 501
256 685
178 533
498 629
165 590
18 591
74 507
471 596
36 531
488 500
309 618
47 549
131 542
335 650
205 653
104 583
165 501
313 548
380 533
443 665
141 578
262 513
490 572
97 610
57 507
141 548
419 555
99 583
390 512
437 602
342 558
329 529
142 567
345 567
349 635
313 597
230 587
479 537
227 647
281 634
64 673
185 562
406 633
97 662
70 657
186 563
477 596
343 569
283 523
8 572
253 505
476 576
2 664
356 517
111 530
236 651
298 621
364 648
385 513
316 664
7 515
397 612
34 687
15 502
53 537
224 675
450 605
21 546
466 601
443 517
61 591
286 606
246 631
185 684
458 692
350 661
482 637
459 501
424 511
323 616
453 593
285 525
93 561
441 605
80 509
260 578
487 693
75 634
132 527
18 622
24 594
207 614
123 623
421 656
257 516
274 592
333 660
143 578
120 636
258 542
429 646
90 580
293 699
258 528
220 653
200 591
64 547
210 675
87 625
399 642
326 551
477 534
475 520
20 665
63 686
400 640
253 555
181 506
168 507
110 568
18 633
36 558
158 544
298 587
379 539
275 534
121 558
168 601
8 606
299 691
242 670
18 601
222 525
247 652
194 612
217 561
169 572
93 564
172 607
128 614
48 517
496 546
16 651
388 546
96 631
235 567
373 678
469 521
251 594
370 619
44 606
86 571
363 660
403 625
65 594
367 550
172 519
277 598
80 572
103 545
147 625
143 678
259 533
138 585
196 651
495 583
480 617
334 551
128 666
72 596
383 559
5 640
179 625
394 587
471 699
388 629
110 669
205 520
191 523
113 505
53 600
37 592
60 637
99 581
131 647
360 510
468 656
140 623
37 532
294 649
43 670
338 590
273 588
71 524
454 569
206 544
355 625
266 636
323 690
130 628
379 602
1 534
249 539
391 529
449 646
186 527
29 695
161 541
266 661
54 666
226 589
443 630
284 631
431 646
209 633
294 653
28 650
189 549
246 594
193 542
266 697
244 606
262 613
82 554
258 679
33 659
369 568
264 677
354 664
39 692
142 520
473 672
460 593
487 538
269 604
92 607