900
431 810
289 808
137 759
623 767
478 773
242 817
163 776
531 710
482 757
312 750
618 777
563 847
166 827
480 889
190 733
295 792
489 783
273 730
682 741
479 842
485 811
4 748
538 773
452 809
563 795
105 765
552 845
474 736
564 843
674 842
196 889
382 851
556 745
118 706
129 745
277 811
330 894
645 798
470 729
505 782
44 769
512 895
520 881
27 740
48 748
150 752
188 894
474 811
101 781
284 871
231 816
40 724
444 894
419 744
197 771
142 883
97 830
266 787
340 790
125 811
459 830
575 889
194 886
537 712
18 773
566 883
461 716
43 835
7 716
443 723
391 843
612 737
56 859
150 840
458 851
489 804
369 874
272 846
248 745
236 729
61 832
605 716
63 716
340 769
356 720
283 748
216 897
623 808
679 726
210 839
392 728
580 745
545 823
240 703
662 829
190 880
51 863
189 803
152 864
422 718
255 832
315 862
667 798
606 760
226 737
483 760
98 790
187 896
463 813
39 724
358 844
641 811
646 864
344 824
372 721
297 745
6 838
56 856
492 889
695 761
437 724
309 859
153 788
45 786
553 780
696 828
9 869
141 843
669 733
41 714
66 726
148 852
91 785
497 841
310 858
575 882
555 710
342 783
173 882
595 719
651 821
330 720
139 833
323 800
442 726
336 867
442 864
559 805
398 850
488 714
552 770
297 732
622 847
609 766
246 712
470 799
37 855
582 856
386 839
277 705
354 857
114 785
543 861
345 781
297 735
235 827
24 768
237 855
89 887
361 790
272 831
687 897
227 835
261 884
200 871
230 792
349 808
348 869
544 759
7 852
37 706
639 852
216 708
398 731
681 871
202 896
39 798
608 863
126 807
264 732
239 889
1 755
517 787
688 863
354 742
447 898
628 859
464 813
256 791
412 744
150 838
33 708
467 822
504 839
212 846
52 784
237 766
431 899
350 760
592 871
544 872
23 702
547 745
601 885
484 728
200 781
506 820
488 769
156 822
352 810
334 853
476 711
438 853
557 896
260 793
322 780
612 791
254 882
431 716
505 701
313 775
46 732
484 778
651 713
348 726
415 863
559 726
215 738
163 879
552 786
62 710
100 832
17 818
188 892
396 748
209 710
479 733
597 891
319 767
447 722
4 710
624 856
395 888
113 873
674 882
29 848
412 829
69 785
11 850
560 725
82 882
518 781
641 881
696 787
429 739
348 701
686 727
460 779
232 795
273 780
256 816
550 763
89 800
443 856
300 862
449 740
587 885
175 805
425 843
208 819
635 838
198 874
168 808
544 897
561 727
682 874
458 777
322 716
35 798
619 877
401 774
506 771
401 885
561 757
548 755
684 725
317 705
421 817
372 761
350 842
619 861
1 861
544 771
125 761
11 728
689 735
269 818
386 816
285 706
298 868
182 898
585 775
279 707
116 761
92 875
413 782
562 869
379 827
254 720
217 754
619 821
121 872
439 771
148 781
368 733
97 851
444 863
58 746
185 709
397 756
138 749
123 725
647 781
355 749
571 720
631 857
509 805
354 878
526 752
683 704
416 814
629 778
52 819
273 782
463 766
281 872
324 791
10 710
576 791
636 755
158 713
222 732
568 800
37 834
616 730
646 898
106 755
503 737
369 748
631 899
401 766
138 830
311 858
151 882
269 890
452 861
323 853
298 748
426 759
564 740
645 879
261 706
184 726
306 767
513 877
201 849
52 821
371 806
309 748
295 826
448 895
424 834
51 739
477 873
632 825
611 748
286 858
115 882
28 726
657 734
37 875
470 719
306 708
607 831
263 808
474 723
581 781
473 731
158 748
552 779
442 702
133 729
493 832
386 776
554 811
79 716
397 792
347 734
218 730
467 819
631 859
388 896
278 724
476 792
650 767
133 778
613 863
438 876
602 779
336 877
143 838
466 714
149 755
613 855
305 719
268 872
284 735
26 736
103 724
270 745
647 828
361 781
99 899
189 702
417 890
56 713
31 854
369 752
373 804
207 879
525 836
284 847
38 715
514 802
610 710
422 870
439 843
27 838
640 802
573 836
256 765
83 812
203 804
240 701
493 820
487 873
360 800
48 816
408 792
359 759
592 841
63 703
90 869
378 899
40 725
207 833
283 852
539 837
201 822
643 723
553 865
382 876
90 827
524 874
436 764
566 807
225 701
298 795
212 705
45 853
437 779
270 828
402 840
516 893
332 847
623 832
337 814
544 791
179 798
541 839
299 713
370 850
605 739
326 755
493 832
229 859
618 876
653 812
364 801
93 885
306 836
623 893
174 816
481 731
532 848
281 741
645 799
692 759
250 762
471 775
434 736
289 847
172 849
547 730
431 845
372 819
169 878
416 794
130 801
98 808
537 713
619 869
615 821
99 848
502 706
582 703
81 756
645 711
305 897
344 814
601 734
26 839
613 726
399 743
121 776
368 838
308 753
296 863
479 795
126 891
201 772
278 770
578 769
608 788
268 780
621 712
62 803
112 763
496 892
300 795
573 862
339 740
328 793
103 851
361 881
691 841
275 783
644 898
199 769
553 782
115 818
443 896
530 701
615 837
249 814
467 767
290 786
275 771
299 752
207 712
117 816
451 850
585 795
9 757
410 754
443 733
118 860
227 853
81 755
566 887
408 830
548 756
680 724
615 756
291 807
694 847
193 815
14 837
247 857
72 708
467 711
645 784
653 817
388 864
93 733
488 799
216 867
182 847
171 796
143 789
400 869
173 809
108 838
126 732
142 712
474 895
64 893
340 785
220 826
637 721
284 787
102 733
571 886
368 715
531 835
684 702
131 770
119 836
513 757
610 893
408 800
39 750
176 774
585 782
178 822
645 776
222 878
622 755
378 838
1 815
397 848
240 833
18 710
529 720
592 789
73 753
78 721
530 792
43 770
477 864
7 765
77 797
684 877
249 864
81 803
72 826
461 723
631 716
585 714
2 711
620 861
387 880
346 836
104 758
265 703
329 887
690 879
690 839
162 800
228 795
305 725
53 781
456 861
470 761
481 869
659 735
25 814
148 777
531 768
288 840
479 815
627 875
598 781
10 880
416 712
72 789
380 741
226 896
587 837
136 878
626 855
279 850
103 863
411 854
91 870
5 750
61 721
240 859
335 782
368 846
184 884
320 854
555 882
96 843
208 707
329 747
576 785
239 790
642 872
538 853
685 884
114 752
405 750
307 872
29 858
641 786
190 700
401 701
484 877
483 814
583 872
21 722
215 794
442 715
468 713
102 855
661 756
38 862
545 804
311 714
530 778
436 867
192 825
148 748
2 844
184 816
615 875
491 786
157 850
88 803
237 875
437 812
604 718
628 783
28 805
685 825
156 837
640 779
462 898
341 745
441 769
50 882
453 740
5 898
533 746
428 884
570 717
451 708
616 768
639 708
306 745
206 813
80 827
41 728
421 839
29 781
600 796
114 829
99 868
492 883
144 705
579 744
349 784
34 767
171 732
179 845
512 767
581 789
373 869
251 844
661 713
682 880
42 795
559 758
646 738
173 805
106 743
388 885
479 826
140 716
315 730
11 826
324 719
580 835
401 809
53 837
152 758
569 738
564 704
674 728
322 774
233 832
316 741
398 700
129 709
616 884
184 808
160 730
593 833
504 701
481 826
201 843
506 833
492 819
691 883
596 714
505 712
243 795
78 770
296 796
523 809
275 703
449 744
683 831
548 750
398 876
337 853
204 816
317 799
31 722
451 754
229 811
443 865
683 872
234 798
617 807
455 812
277 877
489 810
239 815
39 757
555 816
609 892
111 794
85 866
600 752
11 839
398 868
440 792
302 701
410 889
343 779
697 784
123 710
602 868
121 891
636 782
314 880
569 702
667 739
122 857
416 717
493 881
264 757
688 830
308 795
412 868
583 785
441 837
305 777
527 816
414 723
380 769
658 701
443 740
593 897
552 836
111 825
217 825
568 830
456 826
104 737
150 854
387 745
8 889
167 791
108 741
272 759
501 839
68 880
600 820
550 764
575 748
645 892
589 838
539 830
218 772
78 745
412 759
47 771
268 710
152 832
105 860
354 766
22 824
179 783
190 856
610 830
600 816
551 765